+79782083937
+79781005961
+79789563368
+79787509691
+79787443569
+79780585560
+79787813988
+79780387829
+79788356208
+79788962145
+79780065140
+79788681656
+79788629196
+79780139676
+79788727294
+79788123046
+79781309201
+79787701160
+79787655702
+79780290412
+79788268561
+79788622903
+79788325403
+79780672325
+79780468931
+79780112177
+79787699795
+79781090870
+79787737380
+79781000819
+79781113698
+79781138235
+79788713396
+79787764171
+79787318553
+79787613341
+79787250214
+79787756764
+79162064421
+79780669388
+79780839877
+79788929264
+79787520668
+79787173533
+79788770568
+79788241907
+79780569215
+79781020902
+79780509760
+79788205586
+79788114300
+79787846958
+79787179989
+79787059397
+79787052098
+79788077290
+79788973878
+79787688518
+79787580647
+79787838309
+79787481215
+79787633280
+79788586876
+79781134229
+79787063116
+79267577561
+79182769655
+79780441277
+79780919544
+79788929748
+79781443788
+79788896413
+79787843899
+79189947884
+79787929416
+79787735298
+380682428032
+79805113793
+79787520541
+79788588117
+79787605394
+79788115527
+79781355800
+79782228436
+79787193536
+79780233752
+79785541587
+79780928157
+79788328830
+79787571999
+79780450278
+79787158100
+79787213601
+79780731828
+79781490757
+79787300023
+79780397539
+79873335333
+79788411887
+79780063866
+79788107041
+79787001852
+79787040221
+79781141564
+79787969728
+79780703761
+79787039376
+79787456276
+79787880308
+79787407097
+79789289921
+79780641962
+79788559198
+79787362202
+79782735992
+79129247310
+79787108869
+79787821223
+79788103487
+79879812658
+79788259303
+79780564511
+79782269151
+79782258018
+79788088050
+79892790033
+79780620089
+79787044667
+79787759378
+79781270295
+79780850023
+79788371493
+79787679830
+79788858676
+79788360501
+79787930057
+79789240692
+79782773593
+79180460675
+79788138479
+79782262321
+79787114006
+79780730725
+79780709492
+79780046090
+79787125336
+79787450521
+79781354247
+79788039762
+79787567973
+79787098548
+79780412094
+79787164953
+79787127952
+79787605395
+79787582147
+79103489116
+79781013785
+79780693468
+79780112178
+79780662562
+79780613126
+79781164332
+79780068158
+79787411809
+79788544967
+79780275565
+79787341147
+79782605593
+79780260532
+79787182241
+79787280120
+79787015550
+79787712295
+79788000143
+79787619981
+79788262301
+79788489348
+79787262975
+79782242023
+79780490877
+79782544535
+79787685918
+79780278940
+79780974021
+79781406159
+79787839302
+79788052088
+79780545537
+79787441618
+79787931705
+79782698077
+79787303218
+79787080830
+79782630551
+79788290187
+79787483141
+79787177585
+79787552187
+79780183444
+79787402089
+79787555758
+79788957011
+79787870943
+79788322160
+79787457962
+79780313581
+79787040183
+79789240511
+79780937448
+79780574987
+79788002196
+79787172235
+79780401284
+79781443787
+79781308214
+79780798595
+79787271997
+79780669447
+79782701259
+79781002963
+79787598245
+79780402950
+79788727017
+79787532593
+79787760740
+79787215800
+79780448914
+79781451599
+79788163295
+79787593279
+79780701537
+79787742955
+79116132862
+79787276074
+79787559328
+79787096757
+79787710975
+79782114524
+79788887632
+79787851439
+79780149157
+79787800169
+79787013787
+79787170645
+79780836732
+79788381252
+79788804657
+79787032760
+79788131547
+79781003978
+79787622382
+79785561482
+79781395318
+365227414521
+79782184858
+79787764163
+79787124853
+79788315774
+79787910451
+79782290459
+79780061436
+79782548772
+79781268987
+79788793491
+79782224814
+79785026097
+79098979924
+79787124768
+79788717016
+79787914797
+79787607726
+79787726337
+79780976806
+79787498336
+79787582182
+79787435526
+79787401741
+79787934385
+79788038720
+79787170955
+79788634892
+79780155859
+79782009283
+79787458402
+79787460503
+79788109705
+79788371491
+79787811418
+79780567126
+79788296919
+79787420212
+79788595514
+79781472215
+79787628111
+79781349639
+79788930190
+79787180742
+79782091223
+79787916785
+79781314142
+79788829828
+79781080438
+79785778272
+79787222460
+79788224415
+79781239293
+79780406755
+79781402543
+79787816508
+79780042921
+79788089073
+79788705508
+79781385649
+79781361730
+79780065188
+79780915515
+79787321085
+79787487252
+79788454649
+73652272651
+79788785188
+79784024515
+79787996752
+79780019739
+79787271785
+79780572281
+79788843316
+79780089490
+79780559939
+79780436788
+79787263266
+79780349416
+79788063809
+79788097161
+79892801140
+79788552320
+79787760739
+79788511696
+79788027108
+79780899590
+79787505653
+79788117516
+79004438450
+79789781818
+79788043501
+79780447821
+79787069762
+79781045628
+79788554871
+79787237858
+79788304897
+79787241674
+79787626706
+79780989466
+79787651336
+79787940213
+79787551065
+79780675743
+79782746160
+79780620072
+79787565606
+79787810981
+79787687798
+79780780378
+79785776552
+79787056539
+79787670343
+79788022757
+79780614151
+79787299975
+79782773594
+79789704009
+79780412380
+79787465021
+365227414519
+79787362145
+79781141096
+79787267466
+79128923777
+79782237848
+79787918475
+79787158133
+79782125078
+79788993756
+79788299151
+79782072429
+79787436373
+79787267467
+79788964497
+79787288131
+79787508340
+79781456027
+79787604512
+79780927624
+79780219578
+79788626884
+79787950201
+79788677509
+79780019739
+79780353166
+79780756661
+79788017513
+79788665948
+79787844628
+79788610118
+79188302668
+79787320965
+79787399786
+79892405975
+79788364745
+79787802433
+79780624218
+79782639948
+79787069763
+79104669088
+79787933920
+79788440305
+79787834137
+79787682786
+79788277759
+79788699655
+79788365094
+79781407582
+79788456810
+79788634483
+79183177521
+79787308661
+79787489054
+79788207293
+79787271786
+79787076391
+79781373239
+79787104313
+79787186169
+79781369547
+79788257388
+79785742896
+79782133536
+79782644557
+79780902118
+79780156619
+79787051253
+79780010217
+79782153168
+79788541047
+79788122511
+79781218330
+79787451863
+79788024796
+79780287223
+79787422702
+79780513199
+79788569601
+79788051530
+79782632419
+79788460866
+79788062577
+79787291843
+79780876943
+79788968460
+79787523359
+79785510775
+79787424053
+79787558433
+79788679983
+79788738630
+79788664929
+79780937250
+79787281540
+79788103486
+79787564324
+79787435525
+79780067713
+79788168544
+79787873035
+79788192221
+79787615964
+79787083678
+79787393350
+79787861581
+79787982173
+79787643411
+79781260310
+79780126631
+79788837408
+79780618815
+79785750935
+79780587533
+79780288355
+79788985708
+79150496724
+79787480679
+79787475688
+79787699936
+79788595838
+79788420233
+79788583144
+79780535014
+79780924910
+79788759004
+79781400012
+79892813949
+79788374421
+79787797153
+79859207928
+79182712125
+79780749987
+79787695940
+79787231532
+79788384070
+79781008521
+79788046130
+79788897346
+79787743013
+79787349705
+79787929419
+79788270408
+79787526810
+79785547537
+79780110644
+79787927685
+79788196765
+79787401742
+79788766323
+79787913168
+79780738391
+79781286836
+79787938260
+79780381364
+380502082105
+79782701233
+79787209835
+79788809319
+79780312610
+79780223420
+79787516225
+79787431365
+79788446177
+79787087075
+79780130280
+79781394369
+79787959506
+79788346997
+79788329163
+79788334748
+79787791862
+79782048436
+79789212555
+79788456830
+79780112179
+79780159852
+79787771557
+79788158507
+79780691998
+79788030226
+79788290640
+79780738763
+79781302880
+79787583625
+79787508200
+79780114619
+79787856460
+79782117377
+79787084686
+79782557291
+79780819817
+79781419824
+79788006790
+79787911788
+79057869278
+79852794408
+79679309747
+79780485798
+79788374710
+79788580401
+79782052653
+79788927542
+79788471894
+79788014691
+79787365659
+79780706960
+79787040153
+79787477219
+79788329165
+79787592074
+79787709937
+79787292902
+79787125233
+79789157001
+79787153346
+79787821654
+79781406575
+79787137855
+79787618141
+79780178943
+79788105984
+79780051646
+79787455402
+79780446695
+79788488125
+79265398029
+79780666839
+79781304102
+79853820380
+79787080964
+79787304300
+79787963780
+79782693904
+79782161518
+79788116054
+79787293979
+79788794270
+79780151544
+79787446639
+79787266253
+79787368719
+79785738865
+79788088050
+79788158428
+79780508758
+79788061327
+79780512326
+79780313921
+79787485166
+79788236403
+79788991981
+79780311566
+79780444763
+79787996751
+79686394267
+79788193670
+79788621223
+79780600457
+79787902978
+79780973913
+79782262320
+79788871956
+79787270459
+79788549213
+79787677285
+380673792805
+79781012624
+79788597978
+79788063141
+79781019461
+79788108125
+79780449564
+79781252870
+380675715901
+79787655897
+79780579747
+79787890135
+79787411815
+79785807192
+79780400064
+79782269754
+79787697521
+79788993758
+79787869356
+79789127627
+79787377014
+79787911643
+79780613972
+79780080993
+365227414517
+79781038598
+79787673197
+79788964886
+79787023596
+79787431755